{
    "name": "Sombrero",
    "creator": "AdmiralGeneral",
    "version": "1.0",
    "date": "2016/03/26",
    "description": "10p ffa map. A map which accomidates cheesey build orders, can be played 5v5 and 2v2v2v2v2 unshared.",
	"planets": [
        {
            "name": "Mexican Stand off",
            "mass": 7118,
            "position_x": 43600,
            "position_y": -22100,
            "velocity_x": -14.73385238647461,
            "velocity_y": -61.661781311035156,
            "required_thrust_to_move": 3,
            "starting_planet": false,
            "respawn": false,
            "start_destroyed": false,
            "min_spawn_delay": 0,
            "max_spawn_delay": 0,
            "planet": {
                "seed": 397323552,
                "radius": 250,
                "heightRange": 50,
                "waterHeight": 0,
                "waterDepth": 100,
                "temperature": 0,
                "metalDensity": 0,
                "metalClusters": 0,
                "metalSpotLimit": -1,
                "biomeScale": 50,
                "biome": "moon",
                "symmetryType": "none",
                "symmetricalMetal": false,
                "symmetricalStarts": false,
                "numArmies": 2,
                "landingZonesPerArmy": 0,
                "landingZoneSize": 0
            },
            "source": {
                "metal_spots": []
            },
            "planetCSG": [
                {
                    "weight": [
                        1,
                        1,
                        1,
                        1
                    ],
                    "spec": "/pa/terrain/metal/brushes/metal_structure_06.json",
                    "proj": "BP_Bend",
                    "transform": [
                        0.834528386592865,
                        0.44612056016921997,
                        -0.3233248293399811,
                        -85.9284896850586,
                        0.4636160433292389,
                        -0.2515202462673187,
                        0.8495872020721436,
                        225.79071044921875,
                        0.2976955473423004,
                        -0.858903169631958,
                        -0.4167294502258301,
                        -110.75218200683594
                    ],
                    "op": "BO_Add",
                    "rotation": 0.029999999329447746,
                    "scale": [
                        1,
                        1,
                        1
                    ],
                    "height": 265.76519775390625,
                    "position": [
                        -85.928466796875,
                        225.7906494140625,
                        -110.7520751953125
                    ],
                    "weightHard": false,
                    "weightScale": [
                        1,
                        1,
                        1
                    ],
                    "mirrored": false,
                    "twinId": 0,
                    "flooded": false,
                    "pathable": false,
                    "mergeable": false,
                    "no_features": false
                },
                {
                    "weight": [
                        1,
                        1,
                        1,
                        1
                    ],
                    "spec": "/pa/terrain/metal/brushes/metal_structure_06.json",
                    "proj": "BP_Bend",
                    "transform": [
                        -0.3413845896720886,
                        -0.44622328877449036,
                        -0.8272491693496704,
                        -224.87693786621094,
                        -0.933570146560669,
                        0.2631356120109558,
                        0.24332354962825775,
                        66.14434814453125,
                        0.10910207033157349,
                        0.8553621172904968,
                        -0.5064111948013306,
                        -137.6613006591797
                    ],
                    "op": "BO_Add",
                    "rotation": -1.7299987077713013,
                    "scale": [
                        1,
                        1,
                        1
                    ],
                    "height": 271.8370056152344,
                    "position": [
                        -224.876953125,
                        66.14434814453125,
                        -137.66131591796875
                    ],
                    "weightHard": false,
                    "weightScale": [
                        1,
                        1,
                        1
                    ],
                    "mirrored": false,
                    "twinId": 0,
                    "flooded": false,
                    "pathable": false,
                    "mergeable": false,
                    "no_features": false
                },
                {
                    "weight": [
                        1,
                        1,
                        1,
                        1
                    ],
                    "spec": "/pa/terrain/metal/brushes/metal_structure_06.json",
                    "proj": "BP_Bend",
                    "transform": [
                        0.42043745517730713,
                        -0.45056042075157166,
                        -0.7875454425811768,
                        -201.55612182617188,
                        -0.8093204498291016,
                        0.20615017414093018,
                        -0.5500023365020752,
                        -140.76182556152344,
                        0.41016197204589844,
                        0.8686181306838989,
                        -0.2779744863510132,
                        -71.14187622070312
                    ],
                    "op": "BO_Add",
                    "rotation": -0.5199998021125793,
                    "scale": [
                        1,
                        1,
                        1
                    ],
                    "height": 255.92950439453125,
                    "position": [
                        -201.55609130859375,
                        -140.76182556152344,
                        -71.14183044433594
                    ],
                    "weightHard": false,
                    "weightScale": [
                        1,
                        1,
                        1
                    ],
                    "mirrored": false,
                    "twinId": 0,
                    "flooded": false,
                    "pathable": false,
                    "mergeable": false,
                    "no_features": false
                },
                {
                    "weight": [
                        1,
                        1,
                        1,
                        1
                    ],
                    "spec": "/pa/terrain/metal/brushes/metal_structure_06.json",
                    "proj": "BP_Bend",
                    "transform": [
                        0.869848370552063,
                        -0.46258512139320374,
                        -0.1714024394750595,
                        -42.782413482666016,
                        -0.08106790482997894,
                        0.2086857557296753,
                        -0.9746170043945312,
                        -243.2664794921875,
                        0.48661258816719055,
                        0.8616642355918884,
                        0.14402413368225098,
                        35.94873046875
                    ],
                    "op": "BO_Add",
                    "rotation": 0.3399999439716339,
                    "scale": [
                        1,
                        1,
                        1
                    ],
                    "height": 249.6021270751953,
                    "position": [
                        -42.78240966796875,
                        -243.2664794921875,
                        35.9487190246582
                    ],
                    "weightHard": false,
                    "weightScale": [
                        1,
                        1,
                        1
                    ],
                    "mirrored": false,
                    "twinId": 0,
                    "flooded": false,
                    "pathable": false,
                    "mergeable": false,
                    "no_features": false
                },
                {
                    "weight": [
                        1,
                        1,
                        1,
                        1
                    ],
                    "spec": "/pa/terrain/metal/brushes/metal_structure_06.json",
                    "proj": "BP_Bend",
                    "transform": [
                        0.6712848544120789,
                        -0.4643251895904541,
                        0.5777359008789062,
                        140.8174285888672,
                        0.717124342918396,
                        0.20982041954994202,
                        -0.6646111607551575,
                        -161.99241638183594,
                        0.18737488985061646,
                        0.860451877117157,
                        0.47382813692092896,
                        115.49092864990234
                    ],
                    "op": "BO_Add",
                    "rotation": 0.9299994111061096,
                    "scale": [
                        1,
                        1,
                        1
                    ],
                    "height": 243.74012756347656,
                    "position": [
                        140.81744384765625,
                        -161.992431640625,
                        115.49090576171875
                    ],
                    "weightHard": false,
                    "weightScale": [
                        1,
                        1,
                        1
                    ],
                    "mirrored": false,
                    "twinId": 0,
                    "flooded": false,
                    "pathable": false,
                    "mergeable": false,
                    "no_features": false
                },
                {
                    "weight": [
                        1,
                        1,
                        1,
                        1
                    ],
                    "spec": "/pa/terrain/metal/brushes/metal_structure_06.json",
                    "proj": "BP_Bend",
                    "transform": [
                        -0.048426054418087006,
                        -0.4677727520465851,
                        0.8825212121009827,
                        216.7245330810547,
                        0.964492678642273,
                        0.20776985585689545,
                        0.16305068135261536,
                        40.04105758666992,
                        -0.2596319913864136,
                        0.8590811491012573,
                        0.44110190868377686,
                        108.32329559326172
                    ],
                    "op": "BO_Add",
                    "rotation": 1.4599989652633667,
                    "scale": [
                        1,
                        1,
                        1
                    ],
                    "height": 245.57431030273438,
                    "position": [
                        216.72451782226562,
                        40.041053771972656,
                        108.32331848144531
                    ],
                    "weightHard": false,
                    "weightScale": [
                        1,
                        1,
                        1
                    ],
                    "mirrored": false,
                    "twinId": 0,
                    "flooded": false,
                    "pathable": false,
                    "mergeable": false,
                    "no_features": false
                },
                {
                    "weight": [
                        1,
                        1,
                        1,
                        1
                    ],
                    "spec": "/pa/terrain/metal/brushes/metal_structure_06.json",
                    "proj": "BP_Bend",
                    "transform": [
                        0.7971576452255249,
                        0.502670407295227,
                        0.5067169070243835,
                        112.58338165283203,
                        -0.4357784390449524,
                        -0.2588440775871277,
                        0.942335844039917,
                        209.37008666992188,
                        0.5652757287025452,
                        -0.9084174633026123,
                        0.011881648562848568,
                        2.6398887634277344
                    ],
                    "op": "BO_Add",
                    "rotation": -1.0499993562698364,
                    "scale": [
                        1.0699999332427979,
                        1.0699999332427979,
                        1.0699999332427979
                    ],
                    "height": 237.7347412109375,
                    "position": [
                        112.5833740234375,
                        209.37005615234375,
                        2.639881134033203
                    ],
                    "weightHard": false,
                    "weightScale": [
                        1,
                        1,
                        1
                    ],
                    "mirrored": false,
                    "twinId": 0,
                    "flooded": false,
                    "pathable": false,
                    "mergeable": false,
                    "no_features": false
                },
                {
                    "weight": [
                        1,
                        1,
                        1,
                        1
                    ],
                    "spec": "/pa/terrain/metal/brushes/metal_structure_06.json",
                    "proj": "BP_Bend",
                    "transform": [
                        0.4812537729740143,
                        -0.8212224245071411,
                        0.3065754473209381,
                        73.84307861328125,
                        -0.25732845067977905,
                        0.2019762247800827,
                        0.944980263710022,
                        227.6120147705078,
                        -0.8379600048065186,
                        -0.5336658954620361,
                        -0.11412203311920166,
                        -27.487924575805664
                    ],
                    "op": "BO_Add",
                    "rotation": 0.6899996399879456,
                    "scale": [
                        1,
                        1,
                        1
                    ],
                    "height": 240.8643035888672,
                    "position": [
                        73.84307861328125,
                        227.61199951171875,
                        -27.48790740966797
                    ],
                    "weightHard": false,
                    "weightScale": [
                        1,
                        1,
                        1
                    ],
                    "mirrored": false,
                    "twinId": 0,
                    "flooded": false,
                    "pathable": false,
                    "mergeable": false,
                    "no_features": false
                },
                {
                    "weight": [
                        1,
                        1,
                        1,
                        1
                    ],
                    "spec": "/pa/terrain/metal/brushes/metal_structure_06.json",
                    "proj": "BP_Bend",
                    "transform": [
                        0.5651353597640991,
                        -0.7996788620948792,
                        -0.20281949639320374,
                        -50.53972244262695,
                        0.5743405222892761,
                        0.20487268269062042,
                        0.7925655841827393,
                        197.49603271484375,
                        -0.5922457575798035,
                        -0.5643942356109619,
                        0.5750687122344971,
                        143.29891967773438
                    ],
                    "op": "BO_Add",
                    "rotation": 1.0599993467330933,
                    "scale": [
                        1,
                        1,
                        1
                    ],
                    "height": 249.18572998046875,
                    "position": [
                        -50.53972625732422,
                        197.49603271484375,
                        143.29891967773438
                    ],
                    "weightHard": false,
                    "weightScale": [
                        1,
                        1,
                        1
                    ],
                    "mirrored": false,
                    "twinId": 0,
                    "flooded": false,
                    "pathable": false,
                    "mergeable": false,
                    "no_features": false
                },
                {
                    "weight": [
                        1,
                        1,
                        1,
                        1
                    ],
                    "spec": "/pa/terrain/metal/brushes/metal_structure_06.json",
                    "proj": "BP_Bend",
                    "transform": [
                        0.1972961723804474,
                        -0.807086169719696,
                        -0.5564945340156555,
                        -150.31394958496094,
                        0.9795593619346619,
                        0.18500323593616486,
                        0.0789760872721672,
                        21.33211898803711,
                        0.039212778210639954,
                        -0.5607010722160339,
                        0.827089250087738,
                        223.40390014648438
                    ],
                    "op": "BO_Add",
                    "rotation": 1.3599990606307983,
                    "scale": [
                        1,
                        1,
                        1
                    ],
                    "height": 270.10858154296875,
                    "position": [
                        -150.31396484375,
                        21.332122802734375,
                        223.40390014648438
                    ],
                    "weightHard": false,
                    "weightScale": [
                        1,
                        1,
                        1
                    ],
                    "mirrored": false,
                    "twinId": 0,
                    "flooded": false,
                    "pathable": false,
                    "mergeable": false,
                    "no_features": false
                },
                {
                    "weight": [
                        1,
                        1,
                        1,
                        1
                    ],
                    "spec": "/pa/terrain/metal/brushes/metal_structure_06.json",
                    "proj": "BP_Bend",
                    "transform": [
                        -0.26937082409858704,
                        -0.8508841395378113,
                        -0.5531144142150879,
                        -141.22691345214844,
                        0.7450637817382812,
                        0.2227519005537033,
                        -0.7055221199989319,
                        -180.1412353515625,
                        0.6890712976455688,
                        -0.5734786987304688,
                        0.5466285943984985,
                        139.57089233398438
                    ],
                    "op": "BO_Add",
                    "rotation": 1.5999988317489624,
                    "scale": [
                        1.0499999523162842,
                        1.0499999523162842,
                        1.0499999523162842
                    ],
                    "height": 268.0968933105469,
                    "position": [
                        -141.2269287109375,
                        -180.1412353515625,
                        139.57086181640625
                    ],
                    "weightHard": false,
                    "weightScale": [
                        1,
                        1,
                        1
                    ],
                    "mirrored": false,
                    "twinId": 0,
                    "flooded": false,
                    "pathable": false,
                    "mergeable": false,
                    "no_features": false
                },
                {
                    "weight": [
                        1,
                        1,
                        1,
                        1
                    ],
                    "spec": "/pa/terrain/metal/brushes/metal_structure_06.json",
                    "proj": "BP_Bend",
                    "transform": [
                        0.5434383153915405,
                        0.8294656276702881,
                        -0.1290798783302307,
                        -30.800878524780273,
                        0.10200883448123932,
                        -0.21788039803504944,
                        -0.9706299304962158,
                        -231.61048889160156,
                        -0.8332281708717346,
                        0.5143102407455444,
                        -0.20301735401153564,
                        -48.44374465942383
                    ],
                    "op": "BO_Add",
                    "rotation": -1.1499992609024048,
                    "scale": [
                        1,
                        1,
                        1
                    ],
                    "height": 238.61874389648438,
                    "position": [
                        -30.800872802734375,
                        -231.6104736328125,
                        -48.44374084472656
                    ],
                    "weightHard": false,
                    "weightScale": [
                        1,
                        1,
                        1
                    ],
                    "mirrored": false,
                    "twinId": 0,
                    "flooded": false,
                    "pathable": false,
                    "mergeable": false,
                    "no_features": false
                },
                {
                    "weight": [
                        1,
                        1,
                        1,
                        1
                    ],
                    "spec": "/pa/terrain/metal/brushes/metal_structure_06.json",
                    "proj": "BP_Bend",
                    "transform": [
                        0.4367797076702118,
                        0.8141791820526123,
                        0.3825387954711914,
                        85.10755920410156,
                        0.8523070216178894,
                        -0.23852728307247162,
                        -0.4654864966869354,
                        -103.56183624267578,
                        -0.2877434492111206,
                        0.5293555855751038,
                        -0.798114538192749,
                        -177.56521606445312
                    ],
                    "op": "BO_Add",
                    "rotation": 0.1900000125169754,
                    "scale": [
                        1,
                        1,
                        1
                    ],
                    "height": 222.48086547851562,
                    "position": [
                        85.10755920410156,
                        -103.56182861328125,
                        -177.56515502929688
                    ],
                    "weightHard": false,
                    "weightScale": [
                        1,
                        1,
                        1
                    ],
                    "mirrored": false,
                    "twinId": 0,
                    "flooded": false,
                    "pathable": false,
                    "mergeable": false,
                    "no_features": false
                },
                {
                    "weight": [
                        1,
                        1,
                        1,
                        1
                    ],
                    "spec": "/pa/terrain/metal/brushes/metal_structure_06.json",
                    "proj": "BP_Bend",
                    "transform": [
                        0.07461027055978775,
                        -0.8171016573905945,
                        0.5716447234153748,
                        139.13340759277344,
                        -0.8690269589424133,
                        0.22788459062576294,
                        0.4391588270664215,
                        106.88748168945312,
                        -0.4891064167022705,
                        -0.529540479183197,
                        -0.6930809020996094,
                        -168.68992614746094
                    ],
                    "op": "BO_Add",
                    "rotation": -0.17000000178813934,
                    "scale": [
                        1,
                        1,
                        1
                    ],
                    "height": 243.3914031982422,
                    "position": [
                        139.13345336914062,
                        106.88751220703125,
                        -168.69000244140625
                    ],
                    "weightHard": false,
                    "weightScale": [
                        1,
                        1,
                        1
                    ],
                    "mirrored": false,
                    "twinId": 0,
                    "flooded": false,
                    "pathable": false,
                    "mergeable": false,
                    "no_features": false
                },
                {
                    "weight": [
                        1,
                        1,
                        1,
                        1
                    ],
                    "spec": "/pa/terrain/metal/brushes/metal_t3_medium_2_ramp.json",
                    "proj": "BP_Bend",
                    "transform": [
                        0.17788980901241302,
                        0.1372658759355545,
                        -0.9744296669960022,
                        -282.0417175292969,
                        -0.0035945475101470947,
                        0.9903073906898499,
                        0.13884632289409637,
                        40.188079833984375,
                        0.9840437769889832,
                        -0.021196715533733368,
                        0.1766589879989624,
                        51.13268280029297
                    ],
                    "op": "BO_Add",
                    "rotation": -0.11999998241662979,
                    "scale": [
                        1,
                        1,
                        1
                    ],
                    "height": 289.44287109375,
                    "position": [
                        -282.041748046875,
                        40.188079833984375,
                        51.13267517089844
                    ],
                    "weightHard": false,
                    "weightScale": [
                        1,
                        1,
                        1
                    ],
                    "mirrored": false,
                    "twinId": 0,
                    "flooded": false,
                    "pathable": true,
                    "mergeable": false,
                    "no_features": true
                },
                {
                    "weight": [
                        1,
                        1,
                        1,
                        1
                    ],
                    "spec": "/pa/terrain/metal/brushes/metal_t3_medium_2_ramp.json",
                    "proj": "BP_Bend",
                    "transform": [
                        -0.9149649739265442,
                        0.3146137297153473,
                        -0.25269922614097595,
                        -63.02401351928711,
                        0.3066110610961914,
                        0.9491435289382935,
                        0.07152804732322693,
                        17.83932876586914,
                        0.26235154271125793,
                        -0.012034699320793152,
                        -0.9648971557617188,
                        -240.6485137939453
                    ],
                    "op": "BO_Add",
                    "rotation": -0.23000003397464752,
                    "scale": [
                        1,
                        1,
                        1
                    ],
                    "height": 249.4032745361328,
                    "position": [
                        -63.02398681640625,
                        17.83932113647461,
                        -240.6485595703125
                    ],
                    "weightHard": false,
                    "weightScale": [
                        1,
                        1,
                        1
                    ],
                    "mirrored": false,
                    "twinId": 0,
                    "flooded": false,
                    "pathable": true,
                    "mergeable": false,
                    "no_features": true
                },
                {
                    "weight": [
                        1,
                        1,
                        1,
                        1
                    ],
                    "spec": "/pa/terrain/metal/brushes/metal_t3_medium_2_ramp.json",
                    "proj": "BP_Bend",
                    "transform": [
                        -0.2106487900018692,
                        0.23535999655723572,
                        0.9488059878349304,
                        222.02162170410156,
                        -0.03266587853431702,
                        0.9683473706245422,
                        -0.24745972454547882,
                        -57.90583801269531,
                        -0.9770159125328064,
                        -0.0831206887960434,
                        -0.19629299640655518,
                        -45.932769775390625
                    ],
                    "op": "BO_Add",
                    "rotation": -0.3399999439716339,
                    "scale": [
                        1,
                        1,
                        1
                    ],
                    "height": 234.00106811523438,
                    "position": [
                        222.0216064453125,
                        -57.90583801269531,
                        -45.932769775390625
                    ],
                    "weightHard": false,
                    "weightScale": [
                        1,
                        1,
                        1
                    ],
                    "mirrored": false,
                    "twinId": 0,
                    "flooded": false,
                    "pathable": true,
                    "mergeable": false,
                    "no_features": true
                },
                {
                    "weight": [
                        1,
                        1,
                        1,
                        1
                    ],
                    "spec": "/pa/terrain/metal/brushes/metal_t3_medium_2_ramp.json",
                    "proj": "BP_Bend",
                    "transform": [
                        0.9365265369415283,
                        0.19826312363147736,
                        0.28915369510650635,
                        73.71070098876953,
                        -0.22825512290000916,
                        0.9708131551742554,
                        0.07363047450780869,
                        18.76978874206543,
                        -0.26611602306365967,
                        -0.1349577009677887,
                        0.9544467926025391,
                        243.306396484375
                    ],
                    "op": "BO_Add",
                    "rotation": -0.2200000286102295,
                    "scale": [
                        1,
                        1,
                        1
                    ],
                    "height": 254.91876220703125,
                    "position": [
                        73.710693359375,
                        18.769790649414062,
                        243.306396484375
                    ],
                    "weightHard": false,
                    "weightScale": [
                        1,
                        1,
                        1
                    ],
                    "mirrored": false,
                    "twinId": 0,
                    "flooded": false,
                    "pathable": true,
                    "mergeable": false,
                    "no_features": true
                },
                {
                    "weight": [
                        1,
                        1,
                        1,
                        1
                    ],
                    "spec": "/pa/terrain/metal/brushes/metal_t2_medium_4_ramp.json",
                    "proj": "BP_Bend",
                    "transform": [
                        0.21322067081928253,
                        -0.8614163994789124,
                        -0.24269089102745056,
                        -65.56109619140625,
                        0.007681533694267273,
                        0.2512359619140625,
                        -0.8849982023239136,
                        -239.07553100585938,
                        0.8949179649353027,
                        0.20308220386505127,
                        0.06541924178600311,
                        17.672510147094727
                    ],
                    "op": "BO_Add",
                    "rotation": 1.079999327659607,
                    "scale": [
                        0.9200000762939453,
                        0.9200000762939453,
                        0.9200000762939453
                    ],
                    "height": 248.53102111816406,
                    "position": [
                        -65.56109619140625,
                        -239.07550048828125,
                        17.67255401611328
                    ],
                    "weightHard": false,
                    "weightScale": [
                        1,
                        1,
                        1
                    ],
                    "mirrored": false,
                    "twinId": 0,
                    "flooded": false,
                    "pathable": true,
                    "mergeable": false,
                    "no_features": true
                },
                {
                    "weight": [
                        1,
                        1,
                        1,
                        1
                    ],
                    "spec": "/pa/terrain/metal/brushes/metal_t2_medium_4_ramp.json",
                    "proj": "BP_Bend",
                    "transform": [
                        0.8569985628128052,
                        -0.22985275089740753,
                        0.15073618292808533,
                        40.514530181884766,
                        -0.1635204404592514,
                        -0.029614079743623734,
                        0.884524941444397,
                        237.74061584472656,
                        -0.22094061970710754,
                        -0.8696499466896057,
                        -0.06996092200279236,
                        -18.803939819335938
                    ],
                    "op": "BO_Add",
                    "rotation": 0.07999999076128006,
                    "scale": [
                        0.9000000953674316,
                        0.9000000953674316,
                        0.9000000953674316
                    ],
                    "height": 241.89999389648438,
                    "position": [
                        40.5145263671875,
                        237.7406005859375,
                        -18.803924560546875
                    ],
                    "weightHard": false,
                    "weightScale": [
                        1,
                        1,
                        1
                    ],
                    "mirrored": false,
                    "twinId": 0,
                    "flooded": false,
                    "pathable": true,
                    "mergeable": false,
                    "no_features": true
                }
            ],
            "metal_spots": []
        },
        {
            "name": "The Good The Bad and the Ugly",
            "mass": 50000,
            "position_x": 35900,
            "position_y": -18900.001953125,
            "velocity_x": 51.71547317504883,
            "velocity_y": 98.2320327758789,
            "required_thrust_to_move": 0,
            "starting_planet": false,
            "respawn": false,
            "start_destroyed": false,
            "min_spawn_delay": 0,
            "max_spawn_delay": 0,
            "planet": {
                "seed": 1442159616,
                "radius": 1500,
                "heightRange": 0,
                "waterHeight": 0,
                "waterDepth": 100,
                "temperature": 50,
                "metalDensity": 0,
                "metalClusters": 0,
                "metalSpotLimit": -1,
                "biomeScale": 100.00000013739177,
                "biome": "gas",
                "symmetryType": "none",
                "symmetricalMetal": false,
                "symmetricalStarts": false,
                "numArmies": 2,
                "landingZonesPerArmy": 0,
                "landingZoneSize": 0
            }
        },
        {
            "name": "Insanetumbleweed",
            "mass": 5000,
            "position_x": 40700,
            "position_y": -21000,
            "velocity_x": -35.83977127075195,
            "velocity_y": -101.89444732666016,
            "required_thrust_to_move": 3,
            "starting_planet": true,
            "respawn": false,
            "start_destroyed": false,
            "min_spawn_delay": 0,
            "max_spawn_delay": 0,
            "planet": {
                "seed": 650897600,
                "radius": 705,
                "heightRange": 50,
                "waterHeight": 0,
                "waterDepth": 100,
                "temperature": 0,
                "metalDensity": 0,
                "metalClusters": 0,
                "metalSpotLimit": -1,
                "biomeScale": 50,
                "biome": "moon",
                "symmetryType": "none",
                "symmetricalMetal": false,
                "symmetricalStarts": false,
                "numArmies": 2,
                "landingZonesPerArmy": 0,
                "landingZoneSize": 0
            },
            "source": {
                "metal_spots": [
                    [
                        578.6243286132812,
                        359.5303955078125,
                        99.5412368774414
                    ],
                    [
                        560.0403442382812,
                        388.49114990234375,
                        78.73596954345703
